[LASERMODE]
YAG=1

[Default]
LOOP=1
MARKSPEED=5.000000e+002
POWERRATIO=5.000000e+001
FREQ=20000
STARTTC=0
LASEROFFTC=100
ENDTC=300
POLYTC=100
JUMPSPEED=4.000000e+003
JUMPPOSTC=500
JUMPDISTTC=100
ENDCOMP=0.000000e+000
ACCDIST=0.000000e+000
POINTTIME=1.000000e-001
CURRENT=1.000000e+000
PULSEMODE=0
PULSENUM=1
FLYSPEED=0.000000e+000
YAGMODE=48
QPULSEWIDTH=1.000000e+001
STEPLEN=2.000000e-002
STEPDELAY=100
SPIWAVE=0
WOBBLEMODE=0
WOBBLEDIAMETER=1.000000e+000
WOBBLEDIST=5.000000e-001
m_bEndAddPt=0
m_nEndPointNum=1
m_dEndPointDist=1.000000e-002
m_dEndPointTime=1.000000e+000
m_nEndPointCyc=1
m_dPointDist=5.000000e-001
m_nMaxLoopNum=100

[qq]
LOOP=1
MARKSPEED=1.000000e+003
POWERRATIO=5.000000e+001
FREQ=20000
STARTTC=300
LASEROFFTC=100
ENDTC=300
POLYTC=100
JUMPSPEED=4.000000e+003
JUMPPOSTC=500
JUMPDISTTC=100
ENDCOMP=0.000000e+000
ACCDIST=0.000000e+000
POINTTIME=1.000000e-001
CURRENT=1.000000e+000
PULSEMODE=0
PULSENUM=1
FLYSPEED=0.000000e+000
YAGMODE=48
QPULSEWIDTH=1.000000e+001
STEPLEN=2.000000e-002
STEPDELAY=100
SPIWAVE=0
WOBBLEMODE=0
WOBBLEDIAMETER=1.000000e+000
WOBBLEDIST=5.000000e-001
m_bEndAddPt=0
m_nEndPointNum=1
m_dEndPointDist=1.000000e-002
m_dEndPointTime=1.000000e+000
m_nEndPointCyc=1
m_dPointDist=5.000000e-001
m_nMaxLoopNum=100

[new]
LOOP=1
MARKSPEED=1.000000e+003
POWERRATIO=5.000000e+001
FREQ=20000
STARTTC=300
LASEROFFTC=100
ENDTC=300
POLYTC=100
JUMPSPEED=4.000000e+003
JUMPPOSTC=500
JUMPDISTTC=100
ENDCOMP=0.000000e+000
ACCDIST=0.000000e+000
POINTTIME=1.000000e-001
CURRENT=1.000000e+000
PULSEMODE=0
PULSENUM=1
FLYSPEED=0.000000e+000
YAGMODE=48
QPULSEWIDTH=1.000000e+001
STEPLEN=2.000000e-002
STEPDELAY=100
SPIWAVE=0
WOBBLEMODE=0
WOBBLEDIAMETER=1.000000e+000
WOBBLEDIST=5.000000e-001
m_bEndAddPt=0
m_nEndPointNum=1
m_dEndPointDist=1.000000e-002
m_dEndPointTime=1.000000e+000
m_nEndPointCyc=1
m_dPointDist=5.000000e-001
m_nMaxLoopNum=100

[3]
LOOP=1
MARKSPEED=5.000000e+002
POWERRATIO=5.000000e+001
FREQ=20000
STARTTC=0
LASEROFFTC=0
ENDTC=0
POLYTC=0
JUMPSPEED=4.000000e+003
JUMPPOSTC=500
JUMPDISTTC=100
ENDCOMP=0.000000e+000
ACCDIST=0.000000e+000
POINTTIME=1.000000e-001
CURRENT=1.000000e+000
PULSEMODE=0
PULSENUM=1
FLYSPEED=0.000000e+000
YAGMODE=48
QPULSEWIDTH=1.000000e+001
STEPLEN=2.000000e-002
STEPDELAY=100
SPIWAVE=0
WOBBLEMODE=0
WOBBLEDIAMETER=1.000000e+000
WOBBLEDIST=5.000000e-001
m_bEndAddPt=0
m_nEndPointNum=1
m_dEndPointDist=1.000000e-002
m_dEndPointTime=1.000000e+000
m_nEndPointCyc=1
m_dPointDist=5.000000e-001
m_nMaxLoopNum=100

[1]
LOOP=1
MARKSPEED=5.000000e+002
POWERRATIO=5.000000e+001
FREQ=20000
STARTTC=1
LASEROFFTC=1
ENDTC=1
POLYTC=1
JUMPSPEED=4.000000e+003
JUMPPOSTC=500
JUMPDISTTC=100
ENDCOMP=0.000000e+000
ACCDIST=0.000000e+000
POINTTIME=1.000000e-001
CURRENT=1.000000e+000
PULSEMODE=0
PULSENUM=1
FLYSPEED=0.000000e+000
YAGMODE=48
QPULSEWIDTH=1.000000e+001
STEPLEN=2.000000e-002
STEPDELAY=100
SPIWAVE=0
WOBBLEMODE=0
WOBBLEDIAMETER=1.000000e+000
WOBBLEDIST=5.000000e-001
m_bEndAddPt=0
m_nEndPointNum=1
m_dEndPointDist=1.000000e-002
m_dEndPointTime=1.000000e+000
m_nEndPointCyc=1
m_dPointDist=5.000000e-001
m_nMaxLoopNum=100

[поликор 0.5 д0.3]
LOOP=10
MARKSPEED=1.000000e+002
POWERRATIO=1.000000e+002
FREQ=20000
STARTTC=0
LASEROFFTC=100
ENDTC=300
POLYTC=100
JUMPSPEED=4.000000e+003
JUMPPOSTC=500
JUMPDISTTC=100
ENDCOMP=0.000000e+000
ACCDIST=0.000000e+000
POINTTIME=1.000000e-001
CURRENT=1.000000e+000
PULSEMODE=0
PULSENUM=1
FLYSPEED=0.000000e+000
YAGMODE=48
QPULSEWIDTH=1.000000e+001
STEPLEN=2.000000e-002
STEPDELAY=100
SPIWAVE=0
WOBBLEMODE=0
WOBBLEDIAMETER=1.000000e+000
WOBBLEDIST=5.000000e-001
m_bEndAddPt=0
m_nEndPointNum=1
m_dEndPointDist=1.000000e-002
m_dEndPointTime=1.000000e+000
m_nEndPointCyc=1
m_dPointDist=5.000000e-001
m_nMaxLoopNum=100

